1 42
2 34
3 0
4 26
5 48
6 16
7 0
8 19
9 40
10 16
11 28
12 15
13 35
14 3
15 5
16 36
17 15
18 48
19 28
20 12
21 8
22 13
23 22
24 43
25 38
26 18
27 21
28 36
29 42
30 17
31 21
32 20
33 31
34 17
35 20
36 7
37 44
38 43
39 34
40 46
41 9
42 5
43 8
44 9
45 9
46 6
47 15
48 5
49 46
50 13
51 24
52 26
53 23
54 7
55 2
56 16
57 8
58 47
59 22
60 31
61 9
62 39
63 26
64 24
65 35
66 42
67 23
68 26
69 40
70 12
71 28
72 1
73 31
74 37
75 30
76 33
77 33
78 34
79 3
80 44
81 29
82 42
83 3
84 6
85 28
86 26
87 0
88 19
89 23
90 20
91 3
92 9
93 37
94 23
95 8
96 11
97 1
98 27
99 23
100 34
101 24
102 33
103 5
104 22
105 13
106 4
107 31
108 4
109 0
110 14
111 47
112 33
113 31
114 20
115 32
116 46
117 26
118 42
119 39
120 22
121 33
122 46
123 16
124 9
125 11
126 24
127 3
128 26
129 32
130 2
131 6
132 48
133 23
134 29
135 2
136 36
137 2
138 27
139 48
140 32
141 1
142 9
143 13
144 17
145 3
146 48
147 41
148 11
149 9
150 0
151 13
152 4
153 16
154 16
155 32
156 29
157 21
158 27
159 0
160 28
161 2
162 36
163 5
164 32
165 8
166 27
167 10
168 47
169 27
170 47
171 18
172 12
173 21
174 12
175 10
176 8
177 25
178 43
179 36
180 26
181 31
182 36
183 3
184 43
185 39
186 30
187 21
188 29
189 14
190 2
191 29
192 0
193 20
194 43
195 29
196 46
197 37
198 1
199 38
200 9
201 48
202 40
203 47
204 13
205 9
206 16
207 41
208 39
209 33
210 13
211 48
212 34
213 10
214 43
215 11
216 44
217 45
218 34
219 12
220 10
221 21
222 17
223 18
224 35
225 8
226 27
227 45
228 19
229 21
230 33
231 17
232 15
233 6
234 9
235 14
236 11
237 36
238 28
239 39
240 5
241 25
242 34
243 24
244 2
245 37
246 43
247 29
248 15
249 6
250 42
251 23
252 32
253 6
254 43
255 25
256 15
257 47
258 10
259 48
260 46
261 27
262 18
263 18
264 8
265 44
266 20
267 42
268 25
269 26
270 7
271 21
272 23
273 12
274 4
275 8
276 40
277 20
278 44
279 25
280 18
281 17
282 37
283 47
284 14
285 39
286 25
287 36
288 10
289 27
290 19
291 28
292 45
293 17
294 41
295 24
296 24
297 39
298 40
299 20
300 1
301 5
302 42
303 34
304 1
305 45
306 22
307 10
308 11
309 37
310 28
311 45
312 40
313 8
314 18
315 30
316 31
317 28
318 37
319 0
320 38
321 47
322 45
323 14
324 14
325 30
326 47
327 1
328 1
329 35
330 42
331 15
332 10
333 44
334 39
335 1
336 42
337 12
338 11
339 18
340 32
341 27
342 18
343 47
344 41
345 32
346 36
347 3
348 24
349 19
350 5
351 15
352 38
353 25
354 30
355 1
356 23
357 37
358 30
359 39
360 41
361 2
362 4
363 35
364 7
365 31
366 42
367 14
368 2
369 4
370 13
371 46
372 16
373 6
374 0
375 22
376 40
377 48
378 40
379 45
380 21
381 0
382 38
383 34
384 19
385 30
386 4
387 20
388 14
389 10
390 41
391 22
392 11
393 10
394 15
395 9
396 4
397 20
398 40
399 18
400 5
401 1
402 13
403 45
404 28
405 0
406 48
407 29
408 46
409 44
410 43
411 17
412 11
413 6
414 37
415 32
416 19
417 16
418 41
419 43
420 38
421 37
422 35
423 1
424 33
425 19
426 7
427 24
428 12
429 23
430 7
431 2
432 8
433 39
434 5
435 7
436 38
437 19
438 32
439 11
440 47
441 46
442 44
443 7
444 33
445 19
446 30
447 35
448 32
449 17
450 1
451 25
452 12
453 21
454 30
455 15
456 2
457 31
458 14
459 2
460 8
461 0
462 7
463 5
464 35
465 25
466 41
467 17
468 44
469 33
470 44
471 15
472 2
473 22
474 6
475 15
476 10
477 3
478 4
479 26
480 0
481 12
482 3
483 12
484 16
485 10
486 11
487 28
488 34
489 12
490 3
491 18
492 3
493 6
494 40
495 25
496 5
497 7
498 14
499 37
500 29
