1 4
2 19
3 15
4 19
5 16
6 2
7 18
8 21
9 24
10 20
11 19
12 17
13 8
14 17
15 1
16 23
17 3
18 26
19 15
20 1
21 4
22 20
23 6
24 22
25 8
26 13
27 17
28 14
29 9
30 14
31 13
32 22
33 2
34 8
35 1
36 23
37 3
38 11
39 3
40 11
41 12
42 21
43 7
44 13
45 1
46 26
47 8
48 25
49 18
50 25
51 20
52 17
53 0
54 9
55 13
56 19
57 2
58 22
59 5
60 14
61 22
62 1
63 12
64 18
65 16
66 6
67 26
68 25
69 5
70 7
71 2
72 19
73 20
74 1
75 22
76 27
77 24
78 27
79 22
80 0
81 5
82 10
83 2
84 23
85 8
86 4
87 27
88 1
89 22
90 18
91 8
92 27
93 7
94 26
95 2
96 3
97 0
98 25
99 12
100 0
101 3
102 20
103 17
104 16
105 0
106 12
107 11
108 4
109 10
110 1
111 24
112 6
113 0
114 6
115 19
116 3
117 4
118 10
119 15
120 7
121 5
122 21
123 1
124 15
125 10
126 3
127 14
128 0
129 22
130 17
131 6
132 20
133 14
134 18
135 6
136 26
137 17
138 15
139 26
140 2
141 13
142 0
143 27
144 12
145 20
146 15
147 15
148 13
149 3
150 9
151 14
152 8
153 9
154 2
155 1
156 21
157 11
158 10
159 20
160 18
161 18
162 9
163 21
164 5
165 9
166 0
167 5
168 7
169 11
170 17
171 26
172 19
173 6
174 5
175 16
176 9
177 1
178 25
179 27
180 15
181 27
182 7
183 8
184 21
185 23
186 16
187 10
188 7
189 19
190 20
191 12
192 6
193 14
194 12
195 23
196 17
197 10
198 12
199 2
200 17
201 18
202 5
203 24
204 4
205 6
206 26
207 5
208 14
209 23
210 0
211 3
212 4
213 13
214 16
215 8
216 10
217 21
218 24
219 24
220 23
221 16
222 25
223 11
224 23
225 7
226 16
227 4
228 24
229 23
230 5
231 4
232 3
233 0
234 3
235 7
236 7
237 21
238 11
239 26
240 9
241 20
242 18
243 9
244 12
245 25
246 0
247 14
248 12
249 26
250 22
