1 5
2 46
3 46
4 32
5 31
6 33
7 3
8 34
9 13
10 11
11 9
12 7
13 42
14 11
15 8
16 9
17 21
18 24
19 33
20 5
21 20
22 2
23 34
24 29
25 26
26 45
27 36
28 18
29 32
30 6
31 37
32 12
33 41
34 16
35 15
36 25
37 47
38 10
39 38
40 4
41 7
42 8
43 47
44 13
45 32
46 10
47 36
48 8
49 20
50 20
51 42
52 24
53 43
54 6
55 0
56 24
57 5
58 27
59 9
60 14
61 30
62 28
63 5
64 9
65 21
66 23
67 11
68 42
69 24
70 46
71 29
72 1
73 27
74 34
75 16
76 31
77 35
78 46
79 5
80 37
81 44
82 41
83 26
84 22
85 44
86 36
87 16
88 42
89 27
90 6
91 18
92 32
93 39
94 34
95 37
96 26
97 1
98 2
99 13
100 4
101 4
102 38
103 8
104 19
105 31
106 38
107 5
108 30
109 21
110 7
111 15
112 29
113 23
114 42
115 27
116 9
117 43
118 43
119 33
120 31
121 2
122 11
123 32
124 22
125 35
126 11
127 27
128 41
129 35
130 0
131 5
132 33
133 40
134 44
135 0
136 36
137 0
138 45
139 43
140 30
141 1
142 7
143 24
144 44
145 25
146 34
147 39
148 26
149 23
150 13
151 46
152 22
153 37
154 2
155 26
156 15
157 28
158 16
159 13
160 20
161 0
162 9
163 8
164 26
165 32
166 33
167 3
168 20
169 23
170 6
171 25
172 36
173 43
174 40
175 3
176 6
177 12
178 20
179 14
180 36
181 5
182 22
183 5
184 18
185 4
186 20
187 41
188 23
189 7
190 0
191 23
192 2
193 13
194 15
195 10
196 27
197 9
198 1
199 12
200 7
201 15
202 12
203 47
204 2
205 25
206 30
207 17
208 39
209 2
210 29
211 24
212 13
213 3
214 10
215 11
216 10
217 5
218 32
219 4
220 3
221 37
222 34
223 32
224 39
225 47
226 25
227 47
228 25
229 41
230 18
231 25
232 43
233 17
234 13
235 38
236 18
237 6
238 19
239 9
240 8
241 22
242 12
243 19
244 0
245 47
246 34
247 40
248 47
249 19
250 43
251 12
252 12
253 25
254 29
255 42
256 39
257 19
258 3
259 22
260 18
261 41
262 22
263 31
264 21
265 14
266 2
267 26
268 47
269 6
270 6
271 41
272 45
273 31
274 30
275 31
276 13
277 6
278 35
279 35
280 14
281 35
282 14
283 25
284 7
285 39
286 45
287 28
288 3
289 18
290 45
291 29
292 2
293 19
294 17
295 21
296 11
297 18
298 7
299 13
300 1
301 8
302 24
303 19
304 1
305 32
306 37
307 3
308 4
309 19
310 37
311 46
312 17
313 42
314 12
315 23
316 12
317 14
318 44
319 13
320 12
321 15
322 10
323 25
324 7
325 16
326 38
327 1
328 1
329 42
330 17
331 14
332 3
333 26
334 26
335 1
336 45
337 35
338 19
339 43
340 30
341 27
342 44
343 16
344 30
345 7
346 35
347 14
348 42
349 39
350 8
351 6
352 47
353 43
354 16
355 1
356 22
357 38
358 18
359 46
360 2
361 0
362 33
363 34
364 24
365 20
366 17
367 7
368 0
369 4
370 46
371 14
372 9
373 22
374 18
375 10
376 10
377 47
378 33
379 44
380 10
381 24
382 38
383 15
384 23
385 40
386 19
387 6
388 38
389 3
390 45
391 10
392 15
393 3
394 41
395 15
396 29
397 29
398 30
399 47
400 8
401 1
402 5
403 21
404 17
405 46
406 35
407 12
408 2
409 10
410 27
411 4
412 40
413 36
414 14
415 4
416 28
417 33
418 30
419 5
420 27
421 29
422 9
423 1
424 38
425 25
426 24
427 4
428 23
429 18
430 35
431 0
432 42
433 17
434 8
435 28
436 17
437 17
438 9
439 4
440 19
441 16
442 22
443 6
444 2
445 28
446 16
447 34
448 44
449 33
450 1
451 14
452 26
453 41
454 15
455 9
456 0
457 2
458 12
459 0
460 5
461 13
462 6
463 8
464 20
465 11
466 29
467 27
468 10
469 31
470 39
471 47
472 0
473 22
474 33
475 14
476 3
477 15
478 40
479 46
480 16
481 36
482 35
483 46
484 4
485 3
486 38
487 37
488 27
489 36
490 24
491 17
492 39
493 28
494 37
495 36
496 8
497 45
498 7
499 16
500 23
