1 39
2 47
3 57
4 34
5 46
6 39
7 55
8 28
9 33
10 13
11 50
12 3
13 17
14 27
15 13
16 29
17 64
18 36
19 17
20 62
21 35
22 45
23 60
24 44
25 38
26 67
27 8
28 25
29 15
30 9
31 22
32 41
33 26
34 48
35 54
36 14
37 20
38 63
39 39
40 34
41 43
42 57
43 64
44 54
45 40
46 13
47 45
48 42
49 68
50 64
51 34
52 20
53 16
54 33
55 9
56 61
57 67
58 53
59 27
60 1
61 16
62 30
63 7
64 10
65 15
66 24
67 21
68 11
69 26
70 46
71 1
72 11
73 47
74 61
75 62
76 17
77 30
78 8
79 29
80 59
81 19
82 18
83 70
84 0
85 24
86 49
87 33
88 3
89 38
90 14
91 8
92 11
93 38
94 19
95 52
96 67
97 10
98 29
99 5
100 37
101 59
102 12
103 50
104 37
105 5
106 31
107 40
108 25
109 65
110 65
111 7
112 10
113 54
114 4
115 0
116 19
117 51
118 5
119 21
120 26
121 56
122 69
123 31
124 60
125 48
126 26
127 53
128 23
129 23
130 13
131 57
132 31
133 56
134 22
135 27
136 28
137 43
138 41
139 9
140 15
141 41
142 43
143 12
144 0
145 65
146 61
147 58
148 34
149 53
150 49
151 6
152 25
153 48
154 0
155 23
156 71
157 64
158 6
159 35
160 44
161 18
162 17
163 3
164 20
165 45
166 21
167 66
168 60
169 52
170 15
171 40
172 36
173 52
174 8
175 69
176 35
177 4
178 44
179 3
180 42
181 7
182 6
183 70
184 57
185 36
186 6
187 70
188 12
189 21
190 58
191 2
192 32
193 68
194 71
195 69
196 19
197 22
198 49
199 56
200 42
201 25
202 50
203 30
204 68
205 2
206 71
207 60
208 58
209 28
210 71
211 66
212 63
213 1
214 4
215 67
216 46
217 42
218 59
219 32
220 51
221 7
222 10
223 14
224 24
225 51
226 70
227 18
228 50
229 4
230 47
231 39
232 2
233 33
234 54
235 66
236 37
237 63
238 66
239 32
240 16
241 62
242 55
243 12
244 51
245 14
246 5
247 21
248 55
249 32
250 2
