1 19
2 26
3 20
4 46
5 4
6 0
7 20
8 47
9 13
10 32
11 18
12 5
13 47
14 42
15 1
16 46
17 29
18 1
19 1
20 7
21 25
22 37
23 8
24 5
25 49
26 11
27 7
28 30
29 48
30 32
31 9
32 8
33 36
34 22
35 43
36 40
37 32
38 23
39 36
40 39
41 5
42 37
43 10
44 19
45 47
46 49
47 21
48 14
49 16
50 28
51 39
52 6
53 19
54 30
55 42
56 34
57 27
58 24
59 36
60 15
61 3
62 25
63 49
64 6
65 29
66 48
67 21
68 14
69 16
70 49
71 14
72 34
73 15
74 2
75 16
76 18
77 28
78 35
79 2
80 13
81 2
82 12
83 13
84 4
85 32
86 17
87 26
88 38
89 49
90 40
91 34
92 5
93 15
94 6
95 3
96 14
97 1
98 9
99 19
100 35
101 35
102 7
103 30
104 6
105 37
106 12
107 28
108 44
109 29
110 24
111 26
112 14
113 36
114 17
115 36
116 29
117 48
118 46
119 32
120 1
121 12
122 31
123 10
124 24
125 34
126 45
127 47
128 46
129 18
130 25
131 2
132 14
133 27
134 2
135 0
136 27
137 8
138 0
139 48
140 13
141 4
142 44
143 26
144 35
145 5
146 22
147 9
148 36
149 19
150 20
151 37
152 47
153 18
154 34
155 23
156 22
157 45
158 7
159 20
160 9
161 14
162 11
163 45
164 34
165 3
166 25
167 41
168 26
169 25
170 16
171 38
172 8
173 28
174 21
175 18
176 40
177 42
178 23
179 16
180 9
181 45
182 7
183 7
184 37
185 10
186 10
187 17
188 36
189 24
190 45
191 33
192 23
193 31
194 31
195 14
196 12
197 38
198 28
199 45
200 3
201 17
202 12
203 3
204 29
205 5
206 13
207 24
208 3
209 37
210 38
211 39
212 19
213 41
214 16
215 10
216 27
217 8
218 35
219 28
220 45
221 42
222 27
223 10
224 9
225 4
226 37
227 15
228 38
229 34
230 11
231 43
232 33
233 46
234 24
235 7
236 30
237 22
238 6
239 31
240 35
241 22
242 12
243 24
244 38
245 2
246 29
247 24
248 3
249 15
250 32
251 26
252 9
253 22
254 14
255 17
256 12
257 26
258 8
259 41
260 34
261 45
262 11
263 20
264 4
265 39
266 22
267 48
268 34
269 0
270 23
271 1
272 36
273 47
274 8
275 6
276 46
277 40
278 6
279 19
280 32
281 43
282 41
283 2
284 39
285 31
286 38
287 11
288 16
289 2
290 38
291 49
292 29
293 6
294 17
295 48
296 8
297 43
298 5
299 20
300 49
301 29
302 46
303 46
304 38
305 8
306 29
307 40
308 7
309 18
310 27
311 15
312 13
313 18
314 21
315 41
316 12
317 40
318 46
319 4
320 13
321 11
322 40
323 13
324 49
325 35
326 26
327 11
328 1
329 18
330 48
331 49
332 1
333 34
334 8
335 4
336 33
337 4
338 24
339 48
340 8
341 30
342 13
343 33
344 20
345 5
346 30
347 39
348 18
349 9
350 30
351 33
352 2
353 4
354 5
355 35
356 7
357 43
358 2
359 32
360 31
361 46
362 14
363 18
364 42
365 15
366 48
367 15
368 42
369 1
370 26
371 15
372 12
373 22
374 23
375 10
376 27
377 44
378 5
379 30
380 45
381 1
382 31
383 9
384 32
385 33
386 25
387 31
388 15
389 49
390 2
391 33
392 4
393 26
394 45
395 5
396 43
397 14
398 27
399 21
400 41
401 11
402 28
403 3
404 40
405 12
406 40
407 8
408 17
409 44
410 23
411 24
412 30
413 0
414 43
415 7
416 5
417 13
418 3
419 1
420 23
421 28
422 31
423 1
424 0
425 38
426 23
427 40
428 41
429 19
430 6
431 20
432 47
433 43
434 31
435 25
436 3
437 32
438 36
439 32
440 15
441 36
442 22
443 0
444 21
445 38
446 44
447 25
448 9
449 10
450 16
451 17
452 33
453 48
454 4
455 29
456 35
457 49
458 39
459 11
460 28
461 9
462 0
463 10
464 22
465 44
466 44
467 35
468 21
469 37
470 21
471 32
472 28
473 41
474 4
475 17
476 17
477 47
478 16
479 12
480 20
481 19
482 16
483 27
484 6
485 3
486 30
487 16
488 47
489 2
490 39
491 42
492 41
493 29
494 25
495 49
496 40
497 25
498 6
499 12
500 41
